# Created by Octave 5.1.0, Wed Apr 10 20:00:19 2019 GMT <unknown@DESKTOP-I5LE93B>
# name: v
# type: matrix
# rows: 10
# columns: 1
 3999
 3299
 3690
 2320
 5399
 2999
 3149
 1989
 2120
 2425


